FID,precinct,shape_area,shape_leng,total_dens,TV_dens,Film_dens,Theater_de,Index,PolicePrecinct,TV,Film,Theater,ID
0,1.000000000000000,47301761.242600001394749,80586.154615499995998,0.000061371921970,0.000024333131997,0.000011606333159,0.000003361397035,1,2903,1151,549,159,1
1,5.000000000000000,18088797.952599998563528,18676.124259399999573,0.000110178686567,0.000049035873048,0.000024103315275,0.000000497545499,5,1993,887,436,9,2
2,6.000000000000000,22098189.802600000053644,26402.900669099999504,0.000093582325904,0.000032174581102,0.000016743452894,0.000000995556659,6,2068,711,370,22,3
3,71.000000000000000,45331787.174400001764297,29978.094261099999130,0.000005801668463,0.000002801566140,0.000002382434198,0.000000000000000,71,263,127,108,0,44
4,72.000000000000000,104621257.743000000715256,87968.194519900003797,0.000004683560593,0.000002131497984,0.000001395509891,0.000000000000000,72,490,223,146,0,45
5,7.000000000000000,18364020.915399998426437,17301.308682200000476,0.000045850524995,0.000016445200176,0.000011544312707,0.000000272271526,7,842,302,212,5,4
6,9.000000000000000,21394233.741500001400709,19773.233409600001323,0.000055622464183,0.000022295727240,0.000013508312730,0.000001308763863,9,1190,477,289,28,5
7,22.000000000000000,38301388.663599997758865,32701.349169699999038,0.000026709214357,0.000012453856548,0.000004908438220,0.000000104434856,22,1023,477,188,4,13
8,10.000000000000000,27214504.500999998301268,39279.117270000002463,0.000067941711007,0.000034613894953,0.000008341140291,0.000004115452479,10,1849,942,227,112,6
9,13.000000000000000,29508893.742899999022484,27719.171668899998622,0.000060354685456,0.000025517730572,0.000010674747849,0.000003863242079,13,1781,753,315,114,7
10,14.000000000000000,20510163.834199998527765,20974.709243400000560,0.000157726677668,0.000061530469001,0.000021111484213,0.000047781188289,14,3235,1262,433,980,8
11,17.000000000000000,22269687.046599999070168,26622.002811300000758,0.000036057983137,0.000016883937310,0.000008666489098,0.000000179616354,17,803,376,193,4,9
12,20.000000000000000,27671000.145700000226498,27040.994382400000177,0.000059303964127,0.000021249683673,0.000006902533302,0.000023237324152,20,1641,588,191,643,12
13,18.000000000000000,32261097.597300000488758,41624.362982500002545,0.000153094605201,0.000075074941040,0.000017761329982,0.000037971429717,18,4939,2422,573,1225,10
14,19.000000000000000,48744673.581600002944469,30152.656551899999613,0.000028249240354,0.000012801398679,0.000005518551674,0.000000307725930,19,1377,624,269,15,11
15,23.000000000000000,21467755.114500001072884,19438.109517600001709,0.000017794128821,0.000009968438659,0.000004099171037,0.000000605559358,23,382,214,88,13,14
16,24.000000000000000,25479873.368400000035763,20706.919075900001189,0.000016640585056,0.000008281045865,0.000004827339533,0.000000117739989,24,424,211,123,3,15
17,25.000000000000000,44793124.964199997484684,52199.007378399997833,0.000004866818294,0.000002321784874,0.000001406465837,0.000000000000000,25,218,104,63,0,16
18,79.000000000000000,44975546.931599996984005,28256.602112500000658,0.000012184398799,0.000004913781267,0.000002556945003,0.000000000000000,79,548,221,115,0,51
19,26.000000000000000,23836014.449400000274181,23938.497090799999569,0.000024836366887,0.000013215296570,0.000007887224620,0.000000125859967,26,592,315,188,3,17
20,28.000000000000000,15289544.596000000834465,17098.987087800000154,0.000027469752115,0.000013669471886,0.000007586883917,0.000001438891777,28,420,209,116,22,18
21,30.000000000000000,18837442.233899999409914,21627.000872600001458,0.000026595967424,0.000015501042890,0.000007325835338,0.000000000000000,30,501,292,138,0,19
22,32.000000000000000,23009990.363899998366833,25291.411359199999424,0.000008431120436,0.000004563235288,0.000002216428568,0.000000086918767,32,194,105,51,2,20
23,73.000000000000000,51771864.985100001096725,33034.660939599998528,0.000000965775523,0.000000579465314,0.000000289732657,0.000000000000000,73,50,30,15,0,46
24,33.000000000000000,25863124.498799998313189,21744.602252299999236,0.000017824605841,0.000009936927768,0.000005490442580,0.000000850631949,33,461,257,142,22,21
25,34.000000000000000,52113460.915600001811981,45567.020300800002587,0.000003358057533,0.000001746189917,0.000001017011710,0.000000000000000,34,175,91,53,0,22
26,75.000000000000000,183100917.807000011205673,114009.988899000003585,0.000000950295619,0.000000628068943,0.000000262150516,0.000000000000000,75,174,115,48,0,47
27,40.000000000000000,60402018.155500002205372,33430.913459900002636,0.000005032944416,0.000003592595192,0.000000910565602,0.000000000000000,40,304,217,55,0,23
28,41.000000000000000,62139100.539800003170967,47901.422611000001780,0.000002285195614,0.000000418416098,0.000000965575611,0.000000000000000,41,142,26,60,0,24
29,42.000000000000000,44818131.900399997830391,33516.163261200003035,0.000001628805060,0.000001115619904,0.000000312373573,0.000000000000000,42,73,50,14,0,25
30,43.000000000000000,113325976.672000005841255,62189.005232399998931,0.000000176482044,0.000000079416920,0.000000008824102,0.000000008824102,43,20,9,1,1,26
31,48.000000000000000,43057143.451300002634525,34316.344839600002160,0.000002368944891,0.000001463171844,0.000000580623748,0.000000000000000,48,102,63,25,0,31
32,44.000000000000000,55530554.209200002253056,31394.624816200001078,0.000004844179998,0.000002755239925,0.000001440648327,0.000000090040520,44,269,153,80,5,27
33,45.000000000000000,271300430.819000005722046,307973.150400999991689,0.000000265388447,0.000000210099187,0.000000029487605,0.000000000000000,45,72,57,8,0,28
34,46.000000000000000,38323373.381499998271465,29627.986096299999190,0.000001852655279,0.000000704530881,0.000000756718353,0.000000078281209,46,71,27,29,3,29
35,47.000000000000000,160530903.164999991655350,86531.091003599998658,0.000000305237179,0.000000174421245,0.000000068522632,0.000000000000000,47,49,28,11,0,30
36,49.000000000000000,105809974.131999999284744,45768.175921599999128,0.000000349683480,0.000000075607239,0.000000207919907,0.000000000000000,49,37,8,22,0,32
37,50.000000000000000,136112621.463999986648560,52230.505187900002056,0.000000962438300,0.000000573054866,0.000000227752575,0.000000000000000,50,131,78,31,0,33
38,67.000000000000000,93744758.440300002694130,43288.943138399998134,0.000000458692312,0.000000128007157,0.000000224012525,0.000000000000000,67,43,12,21,0,40
39,52.000000000000000,80116628.667600005865097,65671.234475000004750,0.000001110880494,0.000000449344919,0.000000337008689,0.000000012481803,52,89,36,27,1,34
40,60.000000000000000,88215710.846799999475479,66232.571704100002535,0.000001927094373,0.000000657479257,0.000000476105669,0.000000000000000,60,170,58,42,0,35
41,61.000000000000000,134635110.069999992847443,128324.222863999995752,0.000000713038374,0.000000178259594,0.000000430794018,0.000000000000000,61,96,24,58,0,36
42,62.000000000000000,103208535.325000002980232,51716.701033899997128,0.000000591036389,0.000000164715059,0.000000348808361,0.000000000000000,62,61,17,36,0,37
43,63.000000000000000,229414078.791999995708466,205089.377497999987099,0.000000283330475,0.000000069742886,0.000000174357216,0.000000000000000,63,65,16,40,0,38
44,66.000000000000000,99520789.105100005865097,52362.500777499997639,0.000001386644954,0.000000864141058,0.000000361733466,0.000000000000000,66,138,86,36,0,39
45,68.000000000000000,110943389.276999995112419,44532.418833499999892,0.000001586394657,0.000000576870784,0.000000612925208,0.000000000000000,68,176,64,68,0,41
46,69.000000000000000,107413015.364999994635582,121953.453783999997540,0.000000083788729,0.000000009309859,0.000000037239435,0.000000000000000,69,9,1,4,0,42
47,70.000000000000000,82181407.815200001001358,49075.673631700003170,0.000008018845351,0.000002762181934,0.000002896032160,0.000000012168202,70,659,227,238,1,43
48,76.000000000000000,48238653.519599996507168,68146.387666299997363,0.000018677967444,0.000009681033071,0.000004042401389,0.000000041460527,76,901,467,195,2,48
49,77.000000000000000,42651832.126599997282028,34662.441291299997829,0.000006635119428,0.000002860369506,0.000002414902124,0.000000023445652,77,283,122,103,1,49
50,78.000000000000000,67677111.134900003671646,39797.363806200002728,0.000015633054991,0.000008732642249,0.000004166844525,0.000000177312533,78,1058,591,282,12,50
51,81.000000000000000,34485430.762199997901917,28386.718992900001467,0.000005248593275,0.000002435811244,0.000002000844950,0.000000000000000,81,181,84,69,0,52
52,83.000000000000000,56650181.433399997651577,36940.194804400001885,0.000009073227781,0.000005154440685,0.000002436002790,0.000000000000000,83,514,292,138,0,53
53,84.000000000000000,35462877.447899997234344,38087.657345799998438,0.000046217343824,0.000016890902349,0.000009108115958,0.000000084595504,84,1639,599,323,3,54
54,88.000000000000000,42391905.885600000619888,53339.504859400003625,0.000028448827077,0.000009648068221,0.000005802994578,0.000007454253198,88,1206,409,246,316,55
55,90.000000000000000,66154252.970700003206730,51583.312764499998593,0.000027662620585,0.000010037147578,0.000008162740500,0.000000105813303,90,1830,664,540,7,56
56,94.000000000000000,65641861.319499999284744,44570.169837300003564,0.000081380995185,0.000063160914646,0.000006489761129,0.000002361298063,94,5342,4146,426,155,57
57,100.000000000000000,205185208.374000012874603,283995.945115000009537,0.000000380144361,0.000000170577598,0.000000063357394,0.000000000000000,100,78,35,13,0,58
58,101.000000000000000,84672696.716399997472763,78292.582422299994505,0.000000673180402,0.000000484217482,0.000000047240730,0.000000000000000,101,57,41,4,0,59
59,102.000000000000000,133314470.841999992728233,52865.281066900002770,0.000002152804554,0.000001395197377,0.000000615087016,0.000000000000000,102,287,186,82,0,60
60,103.000000000000000,100921594.951000005006790,48549.937981700000819,0.000000614338289,0.000000426073330,0.000000118904185,0.000000000000000,103,62,43,12,0,61
61,104.000000000000000,210504683.703000009059906,75785.945507500000531,0.000003292088270,0.000002370493574,0.000000722074195,0.000000000000000,104,693,499,152,0,62
62,105.000000000000000,347328139.609000027179718,133234.881923999986611,0.000000120923113,0.000000057582435,0.000000034549461,0.000000000000000,105,42,20,12,0,63
63,106.000000000000000,172508228.205000013113022,106986.706883000006201,0.000000249263473,0.000000156514273,0.000000063765074,0.000000000000000,106,43,27,11,0,64
64,107.000000000000000,207501246.613999992609024,69289.883773199995630,0.000000771079705,0.000000534936545,0.000000187950678,0.000000004819248,107,160,111,39,1,65
65,108.000000000000000,139592389.990000009536743,73058.718660300000920,0.000026720654330,0.000022687483180,0.000002077477146,0.000000000000000,108,3730,3167,290,0,66
66,109.000000000000000,322684228.217999994754791,132344.598491999990074,0.000000635296002,0.000000402870635,0.000000161148254,0.000000000000000,109,205,130,52,0,67
67,110.000000000000000,112103693.341999992728233,72813.140367400003015,0.000000909871896,0.000000544139075,0.000000258689068,0.000000008920313,110,102,61,29,1,68
68,111.000000000000000,260157263.057999998331070,97448.260334299993701,0.000000934050417,0.000000599637305,0.000000165284642,0.000000000000000,111,243,156,43,0,69
69,112.000000000000000,88945075.945299997925758,41644.036156100002700,0.000001427847451,0.000000865702785,0.000000427229946,0.000000011242893,112,127,77,38,1,70
70,113.000000000000000,389637204.163999974727631,214242.997647000011057,0.000000069295231,0.000000046196821,0.000000007699470,0.000000000000000,113,27,18,3,0,71
71,114.000000000000000,180006158.022000014781952,113659.975741999995080,0.000008927472358,0.000006583108117,0.000001149960658,0.000000038887558,114,1607,1185,207,7,72
72,115.000000000000000,113293878.523000001907349,58272.204347600003530,0.000000962099642,0.000000573729144,0.000000273624669,0.000000000000000,115,109,65,31,0,73
73,120.000000000000000,232535326.782000005245209,96171.723983200005023,0.000001169714743,0.000000700968761,0.000000326832061,0.000000004300422,120,272,163,76,1,74
74,121.000000000000000,475716087.708999991416931,138115.721206999995047,0.000000151350778,0.000000090390048,0.000000060960730,0.000000000000000,121,72,43,29,0,75
75,122.000000000000000,454799251.518000006675720,154881.006309999997029,0.000000274846539,0.000000140721428,0.000000114336160,0.000000000000000,122,125,64,52,0,76
76,123.000000000000000,460870016.223999977111816,120830.181066000004648,0.000000201792255,0.000000145377216,0.000000052075421,0.000000000000000,123,93,67,24,0,77